15871,3
15871,2
15871,1
15871,0
536,30
15870,3
15870,2
15870,1
15870,0
15869,3
15869,2
15869,1
15869,0
536,74
536,73
15868,3
15868,2
15868,1
15868,0
15867,3
15867,2
15867,1
15867,0
15866,3
15866,2
15866,1
15866,0
15865,3
15865,2
15865,1
15865,0
15864,3
15864,2
15864,1
15864,0
15863,3
15863,2
15863,1
15863,0
15862,3
15862,2
15862,1
15862,0
15861,3
15861,2
15861,1
15861,0
15860,3
15860,2
15860,1
15860,0
15859,3
15859,2
15859,1
15859,0
15858,3
15858,2
15858,1
15858,0
15857,3
15857,2
15857,1
15857,0
15856,3
15856,2
15856,1
15856,0
15855,3
15855,2
15855,1
15855,0
15705,8
15705,7
15854,3
15854,2
15854,1
15854,0
15853,3
15853,2
15853,1
15853,0
15852,3
15852,2
15852,1
15852,0
15851,3
15851,2
15851,1
15851,0
15850,3
15850,2
15850,1
15850,0
15849,3
15849,2
15849,1
15849,0
15704,14
15848,3
15848,2
15848,1
15848,0
15847,3
15847,2
15847,1
15847,0
15846,3
15846,2
15846,1
15846,0
15845,3
15845,2
15845,1
15845,0
15844,3
15844,2
15844,1
15844,0
15843,3
15843,2
15843,1
15843,0
15842,3
15842,2
15842,1
15842,0
15841,3
15841,2
15841,1
15841,0
15840,3
15840,2
15840,1
15840,0
15839,3
15839,2
15839,1
15839,0
15838,3
15838,2
15838,1
15838,0
15837,3
15837,2
15837,1
15837,0
15836,3
15836,2
15836,1
15836,0
15835,3
15835,2
15835,1
15835,0
15834,3
15834,2
15834,1
15834,0
15707,8
15833,3
15833,2
15833,1
15833,0
15832,3
15832,2
15832,1
15832,0
15831,3
15831,2
15831,1
15831,0
15830,3
15830,2
15830,1
15830,0
15829,3
15829,2
15829,1
15829,0
15828,3
15828,2
15828,1
15828,0
15827,3
15827,2
15827,1
15827,0
15826,3
15826,2
15826,1
15826,0
15825,3
15825,2
15825,1
15825,0
15824,3
15824,2
15824,1
15824,0
15823,3
15823,2
15823,1
15823,0
15822,3
15822,2
15822,1
15822,0
15821,3
15821,2
15821,1
15821,0
15820,3
15820,2
15820,1
15820,0
15819,3
15819,2
15819,1
15819,0
15818,3
15818,2
15818,1
15818,0
15817,3
15817,2
15817,1
15817,0
15816,3
15816,2
15816,1
15816,0
15815,3
15815,2
15815,1
15815,0
15814,3
15814,2
15814,1
15814,0
15813,3
15813,2
15813,1
15813,0
15812,3
15812,2
15812,1
15812,0
15704,13
15704,12
15811,3
15811,2
15811,1
15811,0
15810,3
15810,2
15810,1
15810,0
15809,3
15809,2
15809,1
15809,0
15808,3
15808,2
15808,1
15808,0
15807,3
15807,2
15807,1
15807,0
0,371
15806,3
15806,2
15806,1
15806,0
15805,3
15805,2
15805,1
15805,0
15804,3
15804,2
15804,1
15804,0
15803,3
15803,2
15803,1
15803,0
15802,3
15802,2
15802,1
15802,0
15801,3
15801,2
15801,1
15801,0
15800,3
15800,2
15800,1
15800,0
15799,3
15799,2
15799,1
15799,0
15707,7
15707,6
15798,3
15798,2
15798,1
15798,0
15797,3
15797,2
15797,1
15797,0
15796,3
15796,2
15796,1
15796,0
15795,3
15795,2
15795,1
15795,0
15794,3
15794,2
15794,1
15794,0
15793,3
15793,2
15793,1
15793,0
15792,3
15792,2
15792,1
15792,0
15791,3
15791,2
15791,1
15791,0
15790,3
15790,2
15790,1
15790,0
15789,3
15789,2
15789,1
15789,0
15788,3
15788,2
15788,1
15788,0
15787,3
15787,2
15787,1
15787,0
15786,3
15786,2
15786,1
15786,0
15785,3
15785,2
15785,1
15785,0
15784,3
15784,2
15784,1
15784,0
15783,3
15783,2
15783,1
15783,0
15782,3
15782,2
15782,1
15782,0
15781,3
15781,2
15781,1
15781,0
15780,3
15780,2
15780,1
15780,0
15779,3
15779,2
15779,1
15779,0
15778,3
15778,2
15778,1
15778,0
15777,3
15777,2
15777,1
15777,0
15776,3
15776,2
15776,1
15776,0
15775,3
15775,2
15775,1
15775,0
15774,3
15774,2
15774,1
15774,0
15773,3
15773,2
15773,1
15773,0
15772,3
15772,2
15772,1
15772,0
15771,3
15771,2
15771,1
15771,0
15770,3
15770,2
15770,1
15770,0
15769,3
15769,2
15769,1
15769,0
15768,3
15768,2
15768,1
15768,0
15767,3
15767,2
15767,1
15767,0
15766,3
15766,2
15766,1
15766,0
15765,3
15765,2
15765,1
15765,0
15764,3
15764,2
15764,1
15764,0
15763,3
15763,2
15763,1
15763,0
15762,3
15762,2
15762,1
15762,0
15761,3
15761,2
15761,1
15761,0
15760,3
15760,2
15760,1
15760,0
15759,3
15759,2
15759,1
15759,0
15758,3
15758,2
15758,1
15758,0
15757,3
15757,2
15757,1
15757,0
15756,3
15756,2
15756,1
15756,0
15755,3
15755,2
15755,1
15755,0
15754,3
15754,2
15754,1
15754,0
15753,3
15753,2
15753,1
15753,0
0,338
15752,3
15752,2
15752,1
15752,0
15751,3
15751,2
15751,1
15751,0
15750,3
15750,2
15750,1
15750,0
15749,3
15749,2
15749,1
15749,0
15748,3
15748,2
15748,1
15748,0
0,330
15747,3
15747,2
15747,1
15747,0
15746,3
15746,2
15746,1
15746,0
15745,3
15745,2
15745,1
15745,0
15744,3
15744,2
15744,1
15744,0
15743,3
15743,2
15743,1
15743,0
15742,3
15742,2
15742,1
15742,0
15741,3
15741,2
15741,1
15741,0
15740,3
15740,2
15740,1
15740,0
0,324
15739,3
15739,2
15739,1
15739,0
15738,3
15738,2
15738,1
15738,0
15737,3
15737,2
15737,1
15737,0
15736,3
15736,2
15736,1
15736,0
15735,4
15735,3
15735,2
15735,1
15735,0
15734,4
15734,3
15734,2
15734,1
15734,0
15733,4
15733,3
15733,2
15733,1
15733,0
15732,4
15732,3
15732,2
15732,1
15732,0
15731,8
15731,7
15731,6
15731,5
15731,4
15731,3
15731,2
15731,1
15731,0
15730,4
15730,3
15730,2
15730,1
15730,0
15729,6
15729,5
15729,4
15729,3
15729,2
15729,1
15729,0
15728,4
15728,3
15728,2
15728,1
15728,0
15727,5
15727,4
15727,3
15727,2
15727,1
15727,0
0,505
15726,5
15726,4
15726,3
15726,2
15726,1
15726,0
15725,8
15725,7
15725,6
15725,5
15725,4
15725,3
15725,2
15725,1
15725,0
0,499
15724,6
15724,5
15724,4
15724,3
15724,2
15724,1
15724,0
0,498
15723,4
15723,3
15723,2
15723,1
15723,0
0,496
15722,5
15722,4
15722,3
15722,2
15722,1
15722,0
15721,4
15721,3
15721,2
15721,1
15721,0
15720,3
15720,2
15720,1
15720,0
0,495
15719,3
15719,2
15719,1
15719,0
0,494
15718,3
15718,2
15718,1
15718,0
15717,3
15717,2
15717,1
15717,0
0,493
15716,5
15716,4
15716,3
15716,2
15716,1
15716,0
15715,3
15715,2
15715,1
15715,0
15714,4
15714,3
15714,2
15714,1
15714,0
0,492
15713,13
15713,12
15713,11
15713,10
15713,9
15713,8
15713,7
15713,6
15713,5
15713,4
15713,3
15713,2
15713,1
15713,0
0,491
15712,5
15712,4
15712,3
15712,2
15712,1
15712,0
15711,4
15711,3
15711,2
15711,1
15711,0
15710,6
15710,5
15710,4
15710,3
15710,2
15710,1
15710,0
15709,5
15709,4
15709,3
15709,2
15709,1
15709,0
15708,5
15708,4
15708,3
15708,2
15708,1
15708,0
15707,5
15707,4
15707,3
15707,2
15707,1
15707,0
15706,5
15706,4
15706,3
15706,2
15706,1
15706,0
15705,6
15705,5
15705,4
15705,3
15705,2
15705,1
15705,0
15704,11
15704,10
15704,9
15704,8
15704,7
15704,6
15704,5
15704,4
15704,3
15704,2
15704,1
15704,0
0,485
0,483
0,480
0,475
15703,3
15703,2
15703,1
15703,0
15702,3
15702,2
15702,1
15702,0
15701,4
15701,3
15701,2
15701,1
15701,0
15700,4
15700,3
15700,2
15700,1
15700,0
15699,4
15699,3
15699,2
0,478
15699,1
15699,0
0,471
15698,4
15698,3
15698,2
15698,1
15698,0
0,470
15697,8
15697,7
15697,6
15697,5
15697,4
15697,3
15697,2
15697,1
15697,0
15696,4
15696,3
15696,2
15696,1
15696,0
15695,6
15695,5
15695,4
15695,3
15695,2
15695,1
15695,0
0,467
15694,4
15694,3
15694,2
15694,1
15694,0
15693,5
15693,4
15693,3
15693,2
15693,1
15693,0
0,465
15692,5
15692,4
15692,3
15692,2
15692,1
15692,0
0,464
15691,8
15691,7
15691,6
15691,5
15691,4
15691,3
15691,2
15691,1
15691,0
15690,6
15690,5
15690,4
15690,3
15690,2
15690,1
15690,0
15689,4
15689,3
15689,2
15689,1
15689,0
0,461
15688,5
15688,4
15688,3
15688,2
15688,1
15688,0
15687,4
15687,3
15687,2
15687,1
15687,0
15686,3
15686,2
15686,1
15686,0
15685,3
15685,2
15685,1
15685,0
15684,3
15684,2
15684,1
15684,0
15683,3
15683,2
15683,1
15683,0
15682,5
15682,4
15682,3
15682,2
15682,1
15682,0
15681,3
15681,2
15681,1
15681,0
0,458
15680,4
15680,3
15680,2
15680,1
15680,0
15679,13
15679,12
15679,11
15679,10
15679,9
15679,8
15679,7
15679,6
15679,5
15679,4
15679,3
15679,2
15679,1
15679,0
15678,5
15678,4
15678,3
15678,2
15678,1
15678,0
15677,4
15677,3
15677,2
15677,1
15677,0
15676,6
15676,5
15676,4
15676,3
15676,2
15676,1
15676,0
15675,5
15675,4
15675,3
15675,2
15675,1
15675,0
15674,5
15674,4
15674,3
15674,2
15674,1
15674,0
15673,5
15673,4
15673,3
15673,2
15673,1
15673,0
15672,5
15672,4
15672,3
15672,2
15672,1
15672,0
0,344
15671,6
15671,5
15671,4
15671,3
15671,2
0,477
15671,1
15671,0
0,453
15670,11
15670,10
15670,9
15670,8
15670,7
15670,6
15670,5
15670,4
15670,3
15670,2
15670,1
15670,0
0,451
291,6
0,318
0,306
0,346
330,4
330,3
328,3
327,4
326,3
325,3
320,4
318,4
317,4
317,3
316,3
315,3
314,3
313,5
313,3
306,4
303,5
303,3
301,9
2,34
301,6
301,3
4,3
300,4
300,3
299,3
298,4
298,3
297,4
297,3
296,5
296,4
296,3
295,3
291,7
291,5
291,4
288,3
285,14
285,13
285,12
285,11
285,10
285,9
285,8
285,7
285,4
285,3
276,3
274,4
274,3
273,5
273,4
273,3
272,9
272,8
272,7
272,6
272,5
272,4
272,3
252,12
252,10
252,9
252,6
252,5
252,4
252,3
252,1
251,5
250,5
247,5
240,4
240,3
238,4
237,5
237,4
237,3
2,22
2,21
2,16
2,12
2,6
2,3
1,5
1,4
1,3
0,479
0,443
0,410
0,322
0,243
0,0
0,1
291,10
291,3
0,459
0,457
0,9
0,310
0,305
0,502
0,501
0,466
0,452
0,482
0,454
0,308
0,304
0,303
0,302
0,307
0,449
0,12
0,456
0,10
0,450
0,8
0,385
0,300
0,343
0,299
0,352
0,298
0,333
0,297
0,384
0,296
0,329
0,295
0,403
0,294
0,391
0,293
0,388
0,292
0,504
0,291
0,351
0,290
0,289
0,321
0,288
0,287
0,402
0,286
0,285
0,284
0,379
0,283
0,282
0,327
0,281
0,395
0,280
0,357
0,279
0,278
0,369
0,277
0,348
0,276
0,356
0,275
0,390
0,274
330,5
330,6
330,8
330,9
330,11
330,12
330,14
330,16
331,3
333,3
339,3
340,4
341,2
341,3
341,15
341,16
349,4
350,4
351,3
352,3
356,3
359,4
363,5
380,6
400,3
401,3
403,3
406,3
413,3
416,3
417,3
418,4
424,3
445,3
446,3
446,5
465,3
473,3
474,3
475,4
477,3
510,3
518,3
536,0
536,1
536,3
536,4
536,6
536,10
536,11
536,15
536,16
536,18
536,21
536,22
536,25
536,26
536,29
536,33
536,35
536,36
536,40
536,41
536,44
536,49
536,50
536,52
536,55
536,57
536,58
536,60
536,62
536,63
536,69
536,70
536,72
536,75
536,81
536,82
536,84
536,85
536,91
536,93
536,94
536,98
536,101
536,108
536,121
536,122
537,3
12314,4
13340,0
13340,3
13340,4
13340,6
13340,7
13340,9
13340,10
13340,12
13340,14
13340,15
13340,17
13340,18
13340,20
13340,22
13340,23
13340,25
13340,26
13340,28
13340,29
13340,33
13340,35
13340,37
13340,39
13340,40
13340,42
13340,46
13340,47
13340,50
13340,51
13340,53
13340,55
13340,57
13340,59
13340,60
13340,62
13340,63
13340,65
13340,67
13340,68
13341,2
13341,3
13341,5
13341,6
13341,8
13341,10
13341,11
13341,13
13341,14
13341,18
13341,20
13341,21
13341,23
13341,25
13341,27
13341,29
13341,30
13341,32
13341,33
13341,35
13341,36
13341,38
13343,0
13343,1
13343,3
13343,4
13343,7
13343,9
13343,10
13343,12
13343,14
13343,16
13343,17
13343,19
13343,21
13343,22
13343,24
13343,25
13343,28
13343,30
13343,31
13343,33
13343,34
13343,36
13343,37
13343,39
13343,41
13343,42
13343,44
13343,45
13343,47
13343,50
13343,51
13343,53
13343,54
13343,56
13343,58
13343,59
13343,61
13343,62
13343,64
13343,65
13343,67
13343,70
13343,71
13343,73
13343,74
13343,128
13343,130
13343,131
13343,192
13343,193
13344,1
13344,2
13344,4
13344,6
13344,7
13344,9
13344,10
13344,12
13344,14
13344,15
13344,17
13344,18
13344,20
13345,3
13346,0
13346,2
13346,3
13346,5
13346,6
13346,8
13346,11
13346,12
13346,14
13346,15
13346,17
13346,18
13346,20
13347,1
13347,3
13347,5
13347,6
13347,8
13347,10
13347,11
13347,13
13347,14
13347,16
13347,18
13347,19
13348,2
13348,3
13348,5
13348,6
13348,9
13348,12
13348,13
13348,15
13348,16
13348,18
13349,5
13349,10
13352,4
13352,5
13356,3
13357,3
13361,1
13361,3
13361,4
13361,6
13361,7
13361,9
13361,11
13361,12
13361,14
13361,15
13361,17
13361,18
13361,20
13361,22
13361,23
13361,25
13361,26
13361,28
13361,30
13361,31
13361,33
13361,34
13362,1
13362,3
13362,6
13362,8
13362,9
13362,11
13362,12
13362,14
13362,16
13362,17
13362,19
13362,20
13362,22
13362,24
536,79
536,78
13367,3
13367,5
13368,3
13369,3
13371,3
15669,0
15669,2
15669,3
0,469
2,20
0,463
0,473
2,37
332,3
330,1
536,54
536,53
0,472
2,5
350,3
0,510
2,18
13348,1
289,3
289,5
383,4
382,3
289,6
2,11
2,28
2,32
313,4
252,11
2,17
253,3
239,3
2,30
329,4
378,3
259,12
259,13
2,15
376,3
363,3
363,4
363,8
253,4
253,6
257,3
256,4
2,26
454,4
2,27
312,3
312,5
312,7
254,3
253,5
332,4
353,3
254,2
404,4
258,2
312,6
312,2
255,2
257,2
285,6
407,3
452,3
13342,3
322,3
245,3
250,3
2,31
448,3
251,3
475,3
259,4
259,6
259,7
259,9
259,11
13363,3
13363,5
13364,3
13358,3
13358,4
243,3
321,3
309,3
260,3
13352,2
13363,4
410,4
2,19
338,2
341,13
341,12
341,11
341,10
341,9
341,8
341,7
341,6
341,5
341,4
449,3
427,7
323,3
324,3
450,3
536,7
327,3
281,3
284,3
347,3
13370,3
354,3
2,14
355,4
301,5
301,7
302,3
302,4
239,4
305,3
512,3
13366,3
512,5
324,4
13365,3
239,6
239,7
239,9
460,5
344,3
345,4
438,3
247,4
245,4
13349,3
13349,8
248,5
13360,3
502,3
503,3
13359,3
482,3
483,3
2,36
506,3
473,5
13354,3
13350,3
338,3
305,2
505,3
504,3
481,3
501,3
248,3
250,4
438,4
437,3
345,3
460,3
457,3
2,35
241,4
241,3
239,8
239,5
512,4
484,3
302,5
301,8
301,4
355,3
347,5
2,8
277,3
427,8
427,3
291,1
259,2
13351,3
244,3
13353,3
13364,4
310,3
259,10
259,8
259,5
238,3
247,3
246,3
320,3
318,3
12314,3
285,5
405,2
256,2
312,4
404,3
353,2
253,2
405,4
405,3
258,3
454,3
256,3
255,3
509,3
379,3
13341,1
372,3
259,3
329,3
306,3
2,10
314,2
2,33
0,509
382,4
383,3
289,4
2,9
0,448
349,3
2,24
2,13
2,25
2,29
0,497
15669,1
13371,4
13368,4
13367,4
13362,23
13362,21
13362,18
13362,15
13362,13
13362,10
13362,7
13362,2
13362,0
13361,32
13361,29
13361,27
13361,24
13361,21
13361,19
13361,16
13361,13
13361,10
13361,8
13361,5
13361,2
13361,0
13355,3
13352,3
13349,4
13348,17
13348,14
13348,10
13348,8
13348,4
13348,0
13347,17
13347,15
13347,12
13347,9
13347,7
13347,4
13346,21
13346,19
13346,16
13346,13
13346,10
13346,7
13346,4
13346,1
13345,5
13344,19
13344,16
13344,13
13344,11
13344,8
13344,5
13344,3
13344,0
13343,132
13343,129
13343,75
13343,72
13343,68
13343,66
13343,63
13343,60
13343,57
13343,55
13343,52
13343,48
13343,46
13343,43
13343,40
13343,38
13343,35
13343,32
13343,29
13343,26
13343,23
13343,20
13343,18
13343,15
13343,11
13343,8
13343,6
13343,2
13342,5
13341,37
13341,34
13341,31
13341,28
13341,26
13341,22
13341,19
13341,17
13341,12
13341,9
13341,7
13341,4
13341,0
13340,66
13340,64
13340,61
13340,58
13340,56
13340,52
13340,48
13340,44
13340,41
13340,38
13340,34
13340,31
13340,27
13340,24
13340,21
13340,19
13340,16
13340,13
13340,11
13340,8
13340,5
13340,1
12314,5
536,123
536,120
536,107
536,97
536,92
536,86
536,83
536,80
536,71
536,64
536,61
536,59
536,56
536,51
536,45
536,42
536,39
536,34
536,32
536,28
536,24
536,20
536,17
536,13
536,9
536,5
536,2
519,3
517,3
476,3
473,4
453,3
446,4
436,3
418,3
416,4
410,3
402,3
380,15
380,3
359,3
351,4
350,5
343,3
341,14
340,5
340,3
332,6
330,15
330,13
330,10
330,7
0,339
0,273
0,272
0,337
0,271
0,270
0,374
0,269
0,268
0,267
0,362
0,266
0,397
0,265
0,264
0,406
0,263
0,262
0,261
0,260
0,259
0,258
0,373
0,257
0,401
0,256
0,372
0,255
0,400
0,254
0,381
0,253
0,405
0,252
0,332
0,251
0,250
0,394
0,249
0,413
0,248
0,361
0,247
0,326
0,246
0,367
0,245
0,389
0,244
0,331
0,242
0,241
0,423
0,240
0,239
0,383
0,238
0,237
0,487
0,236
0,235
0,355
0,234
0,233
0,232
0,378
0,231
0,435
0,230
0,368
0,229
0,335
0,228
0,227
0,436
0,226
0,225
0,409
0,224
0,223
0,393
0,222
0,221
0,366
0,220
0,219
0,334
0,218
0,365
0,217
0,347
0,216
0,411
0,215
0,508
0,214
0,342
0,213
0,212
0,408
0,211
0,210
0,209
0,380
0,208
0,407
0,207
0,363
0,206
0,350
0,205
0,323
0,204
0,203
0,396
0,202
0,201
0,325
0,200
0,376
0,199
0,370
0,198
0,399
0,197
0,421
0,196
0,360
0,195
0,349
0,194
0,364
0,193
0,386
0,192
0,387
0,63
0,353
0,62
0,412
0,61
0,474
0,60
0,398
0,59
0,58
0,57
0,354
0,56
0,341
0,55
0,359
0,54
0,53
0,416
0,52
0,345
